detection delay 1.0
0.1493465702906521, -0.14175250907593406, -9.692173825326055, 0.4088370151946048, -0.38943923242015044, -1.0483190006980363, 0.9969931478289998, 0.004341285831598293, 0.07736805813348088, 0.0013643131253578734, 0.9972912491099641, -0.07354116601190443, -0.07747775055919776, 0.07342559285441914, 0.994286618879214, -0.09663462692613696, -0.10097765777327221, 0.0005873649088896431
Number of steps:  28.0
detection delay 1.0
detection delay 1.0
-0.12351214060693706, -0.11018941431966507, -9.628527501009264, -0.3445622678759526, -0.30416212904467516, -1.0586647429815856, 0.9976695707392927, -0.002438920392664365, -0.06818709033379074, -0.0017011710983883986, 0.9981611226290453, -0.0605927329704588, 0.06820948348847326, 0.06056752379991795, 0.995830829721081, -0.08779995650378296, 0.09555368500594037, 0.00014615589697927422
Number of steps:  27.0
detection delay 1.0
detection delay 1.0
-0.1150174388332857, 0.11560916491375545, -9.624241077857242, -0.32907389675111637, 0.32288169222029384, -1.057513149109334, 0.9977907996293587, 0.0037339208928014226, -0.06632931485980935, 0.0004855155483300725, 0.9979827561879067, 0.06348371937937446, 0.0664325556459916, -0.06337567503666643, 0.9957761994363921, 0.08821858818768573, 0.09440702214669422, 0.00043644434179437977
Number of steps:  27.0
detection delay 1.0
detection delay 1.0
detection delay 1.0
0.03940180262964068, -0.12020951644668254, -9.623910222960003, 0.10437605756646431, -0.34275850492341975, -1.062628694596546, 0.9998809877965822, 0.000405257615827066, 0.015422256942114434, 0.0006514030729864457, 0.9976544284268198, -0.06844864581864889, -0.015413822269647581, 0.06845054570005399, 0.9975354313889859, -0.09595289511723558, 0.0015497341395032916, 0.00027483011047102837
Number of steps:  27.0
detection delay 1.0
-0.09926192975881348, 0.10731639704016831, -9.70023264378159, -0.270879350285916, 0.29478433054122544, -1.0586501062720082, 0.9984313987553529, 0.0017083722011969175, -0.05596269689577221, 0.00164469515083359, 0.9982081061821645, 0.05981531350818205, 0.055964604503978076, -0.05981352870917622, 0.996639505952918, 0.08539364626352623, 0.08205532355506989, -0.0003163251857896803
Number of steps:  28.0
detection delay 1.0
0.020524987366011244, -0.1273200130078991, -9.685032260638485, 0.029952485891858067, -0.3180403809570148, -1.071740360028624, 0.9999940213854456, 0.0003248930343252485, 0.0034426207858307173, -0.00016541060323312966, 0.9989310266013129, -0.04622528239596447, -0.003453958988049045, 0.04622443658683779, 0.9989251081184918, -0.018456022172232706, -0.011848364822856379, 0.00010971677909480879
Number of steps:  28.0
detection delay 1.1
-0.321849164017299, 0.3246911014130889, -10.059308920700927, -0.5851877060980388, 0.6028201996724173, -0.7712637363034933, 0.9974713513258546, 0.0029161484625819327, -0.07100985398039047, 0.002416501286963881, 0.9971884368509231, 0.07489580717465658, 0.07102861258466402, -0.07487801739467603, 0.9946598507556945, 0.026773258782763255, 0.02289938766199511, 7.695761068452517e-05
Number of steps:  35.0
detection delay 1.1
0.3579380813135536, 0.3066393477375018, -10.063585624540867, 0.6490814965149525, 0.555815314869284, -0.7873204780840037, 0.9968721398244835, -0.002403701439254985, 0.07899467742280847, -0.00283585221966149, 0.997805734648219, 0.0661488763722966, -0.07898034428850502, -0.0661659891675478, 0.9946779212858572, 0.019251093918940577, -0.02808965439729784, 0.00037290502616679376
Number of steps:  35.0
detection delay 1.1
0.3721026178270273, 0.32911531042601955, -10.1779203111932, 0.6035326054464132, 0.5220676124745752, -0.9003878844502454, 0.9981463423953731, -0.001569317188325595, 0.06083926697699605, -0.0014393810897772132, 0.9987791311485695, 0.04937788335060766, -0.060842479772064875, -0.04937392455203679, 0.9969254777712934, -0.0004089640009893056, -0.007262671318919146, 3.880014023147558e-05
Number of steps:  37.0
detection delay 1.1
detection delay 1.1
-0.10171902676652504, -0.3569006059858331, -10.074798866859611, -0.1357569065943705, -0.62634909882933, -0.7384228702960299, 0.9999981210514031, 0.001385124028272479, -0.00135621719176903, -0.0014793768630828783, 0.9973920950074684, -0.07215830001263207, 0.0012527321109968596, 0.07216017078723058, 0.9973922700794418, -0.018455000778873156, -0.03386255271718744, 0.00030377821811653063
Number of steps:  35.0
detection delay 1.1
-0.2523246509462619, -0.14061129529441319, -9.806171199500621, -0.6161617079498732, -0.349290241596205, -1.0333858808046452, 0.9940082508254634, -0.004205266171004954, -0.10922414122949743, -0.00305224326390433, 0.99780210636978, -0.06619395995918495, 0.10926244140576424, 0.066130721003564, 0.9918106909272522, -0.07948110635287102, 0.12508832829086103, 0.00022169705740030315
Number of steps:  29.0
detection delay 1.1
0.13014775182412036, -0.11192956703447893, -9.549244011079479, 0.39465875356687036, -0.328626953755921, -1.0331683008606185, 0.9967141848986685, 0.005556796547133926, 0.08080814088885892, -0.00010102854517729096, 0.9977285290003239, -0.06736298844388537, -0.08099890996188153, 0.06713348219027354, 0.9944507389277709, -0.09478349698644756, -0.11143289184723901, 0.0005266681278319836
Number of steps:  24.0
detection delay 1.1
0.3103974024586198, 0.040537580993569564, -10.086598084844116, 0.5267291168011181, 0.01678543289101629, -0.8087061578903345, 0.9984695767720091, -0.00042534955320480596, 0.055302109710938394, 0.0009364051662888443, 0.9999570972367595, -0.009215575467225168, -0.05529581725671123, 0.009253256917710768, 0.9984271379676782, -0.004716236540012907, -0.0062289464298374226, 8.751729451545988e-05
Number of steps:  35.0
detection delay 1.1
-0.35264725506922046, 0.2596558776099269, -10.03197885985986, -0.7474343470476796, 0.5437838664978476, -0.8122615513160456, 0.9928163330773284, 0.004942907701578876, -0.11954621047245612, 0.005095491123142837, 0.9964931010455714, 0.08351967156780477, 0.1195398040197694, -0.0835288407200394, 0.989309439974611, 0.05406219586921262, 0.09200885073060856, -0.0001360301082749892
Number of steps:  34.0
detection delay 1.1
detection delay 1.2
-0.45846622411923527, -0.25882442076218887, -10.14950697269911, -0.5859976816878205, -0.26401702596763454, -0.1463105133508935, 0.9991318011057556, -0.00204219589707565, -0.04161097757905373, 0.001992248831285773, 0.9999972444768187, -0.0012417662287780393, 0.04161339884893776, 0.001157788707260721, 0.9991331165373082, 0.04443659108290397, -0.020030711519798117, -7.563787314502641e-05
Number of steps:  43.0
detection delay 1.2
-0.4333898209367006, -0.10351495680995416, -10.18401041568288, -0.4276403820708166, -0.010508948715018665, -0.0876321148090787, 0.9999851221629744, -0.0001291968623655423, -0.005453325669462503, 0.00027573955525465887, 0.9996386300597965, 0.026879978792433652, 0.005447882192570801, -0.026881082574085013, 0.9996237932238605, 0.031831551985297926, -0.052635332263832414, 0.00010128303849649888
Number of steps:  45.0
detection delay 1.2
detection delay 1.2
0.1800146505603256, -0.5220496362094221, -10.154160268812007, 0.10312010077580636, -0.6322341353967166, -0.032781262481670015, 0.9997662154519238, -0.0018470413976491343, -0.021543047114953688, 0.0009432519749428477, 0.9991218812002348, -0.041887668622390774, 0.021601498018274226, 0.04185755541097487, 0.9988900441682153, 0.022223633984905164, 0.0582437033150798, -0.00010925276508187497
Number of steps:  46.0
detection delay 1.2
0.3764402472798246, -0.26887115190583394, -10.124740665013489, 0.3728618047606394, -0.21228308517114325, -0.04321286051340853, 0.999994002890794, 0.001994680514743194, 0.00283115384435778, -0.0020366433868603574, 0.999886957011895, 0.014897156816153627, -0.002801118733841082, -0.0149028335270316, 0.9998850230335009, 0.060326894720043184, 0.05163101970639126, 0.0005281712608285528
Number of steps:  45.0
detection delay 1.2
0.4933045841256343, 0.38848356508155696, -10.104961645077625, 0.6338555342224358, 0.46432287093666996, -0.07089862081314198, 0.9989161464296056, -0.0009746304756853472, 0.04653581951189871, -0.00021650023760979347, 0.9996726499239937, 0.025584098998727767, -0.046545521050421354, -0.025566444597664294, 0.9985889401454353, -0.029683526994993124, 0.01831660231259366, 3.6751893779955524e-05
Number of steps:  44.0
detection delay 1.2
detection delay 1.2
0.3287796491574796, 0.3103219981032162, -10.193865327539227, 0.1456703452843616, 0.1636285693448604, -0.021800595763160926, 0.9992924861344603, -0.0010002299884405892, -0.03759689741416883, 2.389445576715157e-05, 0.9996629822026407, -0.025959996971899414, 0.03761019255808572, 0.025940731556690428, 0.9989557306818178, -0.03461667280893392, 0.053156052492579535, -0.000213330677690314
Number of steps:  47.0
detection delay 1.2
-0.1287053445551535, -0.1234663319055335, -9.696307713451397, -0.3702079589511949, -0.35901785499568123, -1.0450537573168894, 0.9970836704259439, -0.004525665661001699, -0.0761818385196549, -0.0012258880566728642, 0.9971615190444432, -0.07528215017823144, 0.07630629966380457, 0.07515599302324558, 0.9942479194568679, -0.10391910279274201, 0.10266061787133494, -0.00029941256744813523
Number of steps:  26.0
detection delay 1.2
detection delay 1.3
0.1485366642404993, -0.332975576095612, -9.995141650088812, 0.33749007176606477, -0.7527117921452318, -0.9202814510127773, 0.9985608551472576, 0.00362825792539876, 0.05350751640652542, 0.0033526623319683857, 0.9915342737093533, -0.12980194033587697, -0.05352549133689117, 0.1297945291763014, 0.9900951479393478, -0.1369635204623288, -0.03011452602013422, -0.00018873246147397426
Number of steps:  32.0
detection delay 1.3
0.34675769935336037, 0.043725334913024445, -10.171118130184981, 0.3790777739165406, -0.01856164983671287, -0.2324659364867551, 0.9999657155548021, -0.0037045829209245086, 0.007405658670368516, 0.003844374987921763, 0.9998130012617541, -0.018952131513595698, -0.007334064078820882, 0.018979951879242913, 0.9997929650336373, -0.012034715727098596, 0.049642283749894725, -0.001139737116194807
Number of steps:  41.0
detection delay 1.3
0.4408677257740761, -0.4823738694828136, -10.139055218479829, 0.5930458267688149, -0.6747222930018425, -0.1928991656338463, 0.9988717486171262, 0.002109733624665239, 0.04744237387173282, 0.0007149251428814215, 0.9982314404876149, -0.05944308289504289, -0.04748387828086883, 0.05940993390048366, 0.9971036761828491, 0.004802984336241454, 0.013093795655134154, 0.00021576060850331898
Number of steps:  41.0
detection delay 1.3
0.7664497438568294, 0.549873504049062, -10.074997013748822, 0.7758632201315904, 0.4904837436554449, 0.08878856907186998, 0.9994737544631188, 0.0004707010771574656, 0.03243443509402564, -0.0006277100637973398, 0.999988134609341, 0.00483079916817764, -0.03243177638441025, -0.004848616402998023, 0.9994621907803846, -0.05394954143857015, 0.041774487524228326, 0.00040297389691114756
Number of steps:  51.0
detection delay 1.3
detection delay 1.3
-0.17752524037074008, -1.048083691983585, -10.088863720082733, -0.3964139358099889, -1.3184507574214217, 0.09894779091327247, 0.998072663076104, -0.005100160018496529, -0.06184616065646959, -0.0017175219683287053, 0.9939649219043439, -0.10968493124393341, 0.06203232494795235, 0.1095797535655369, 0.9920404569724331, -0.00955048378419491, 0.02811380739442994, -0.00010582132053789428
Number of steps:  48.0
detection delay 1.3
0.6921069602115577, -0.27421537327781703, -10.083550106898425, 0.7352657227872046, -0.19066572816402558, 0.06487904781522551, 0.9994502610601604, 0.0003101417655860059, 0.03315236762058984, -0.0009333222945376632, 0.9998231361580501, 0.01878364481637825, -0.03314067857271501, -0.018804260559207864, 0.9992737839093755, 0.062864349044197, 0.041097389891447775, -3.696500451959176e-05
Number of steps:  48.0
detection delay 1.3
0.5855465627696235, 0.3700594829124236, -10.150624007417909, 0.742893327028365, 0.42231161035655923, -0.11282153491335188, 0.9985574380601198, -0.0016459942862024277, 0.05366873948224211, 0.0006975019800303734, 0.9998433289538277, 0.017687030205893704, -0.05368944389533955, -0.017624081517234505, 0.9984021411059177, -0.03714997047444222, 0.019633089182290658, -3.257170443253708e-06
Number of steps:  43.0
detection delay 1.3
-0.4738591049465872, 0.3332084487441143, -10.186908240895661, -0.5589557352388399, 0.33893961957921015, -0.15020228444502368, 0.9995595582331667, -0.00011844207561633644, -0.02967617758715179, 0.00022644232520530044, 0.9999933642488479, 0.0036359568400085806, 0.02967555001314697, -0.0036410753554098536, 0.9995529522249846, -0.048091926894230676, -0.03342757953082569, -0.00023374392934667344
Number of steps:  43.0
detection delay 1.3
0.6730743830970239, 0.4348747167082384, -10.137466899978179, 0.6512857549797749, 0.3865468837881849, 0.057952240814138946, 0.9998047031769557, -0.000859064604381948, 0.019743796829572776, 0.0008720200082648253, 0.9999994101130765, -0.0006475759453449875, -0.019743228873392027, 0.0006646664616945745, 0.9998048625267578, -0.05320871140166553, 0.04752069778491962, -0.00025496918488747324
Number of steps:  51.0
detection delay 1.4
-0.7634223914574176, -0.21493198514654893, -10.130604362757762, -0.9787443820456244, -0.15011873925691785, 0.0037111988108060106, 0.9968567080722397, 9.791626023950784e-05, -0.07922558919797776, 0.0012788315746160557, 0.9998490646659384, 0.017326640656926774, 0.07921532781706093, -0.017373494152198875, 0.9967061219535955, 0.05734710504859455, -0.004683273428617664, 0.00035435590712182686
Number of steps:  45.0
detection delay 1.4
-0.671326086445206, 0.702486536387137, -9.92983287753067, -0.7138924941185703, -0.24439530251572184, 0.0345465815845728, 0.999662938359096, 0.001351387613342344, -0.025926500395822876, -0.0039255204908535185, 0.9950304407191534, -0.09949378036399606, 0.025663202452772434, 0.0995620198356868, 0.9947003590258245, -0.05110948364503149, -0.0435333409459179, -0.0004208375012282238
Number of steps:  72.0
detection delay 1.4
-0.01466312869478912, -0.6874383480656712, -10.087828975982246, -0.040398221620812774, -0.3489829445152805, 0.02330650964654728, 0.9999923120959926, 0.001271314255552585, -0.0037093812100852104, -0.0011122336080688809, 0.9990925551926946, 0.042577330763374735, 0.0037601443189306393, -0.042572877734496285, 0.9990862882634814, 0.095508073638742, -0.003221305223077503, 0.0003001006506738379
Number of steps:  56.0
detection delay 1.4
-0.3093715501884428, -0.653548288133741, -10.128978811351166, -0.24745192460458115, -0.7216181025482948, 0.01642020527179322, 0.9999244219481591, 0.0006717347103391833, 0.012275958785460362, -0.00023271290478372425, 0.9993614803551218, -0.0357292237127933, -0.01229212090435746, 0.03572366659364338, 0.9992861068826993, 0.03802349243773051, -0.05926947650474969, -5.072842683940564e-05
Number of steps:  46.0
detection delay 1.4
0.49997676295766935, 0.0606358452717431, -10.100305504693571, -0.0925414145902617, 0.12074598102217833, -0.02162361332312727, 0.9979950916596779, 0.0011473743862039061, -0.06328096518860193, -0.001479227235927157, 0.9999853987456839, -0.005197516928284151, 0.06327407770934051, 0.0052807033104684264, 0.9979822169069821, -0.026324833777429956, 0.026604686470724805, -0.0002761531573769605
Number of steps:  63.0
detection delay 1.4
-0.08217434743573038, 0.5276396157301598, -10.139798660667392, -0.021051533205212525, 0.6818296634476544, -0.1249716320495046, 0.999834171289531, 0.0005117774221986698, 0.018203516298882713, -0.0014236174981699505, 0.9987424990181966, 0.05011381015349355, -0.018154978242687785, -0.05013141468931034, 0.9985776074127889, -0.01825715175057156, -0.017018850842742624, 0.0007108581988419388
Number of steps:  42.0
detection delay 1.4
detection delay 1.4
0.2829042595522152, 0.3036659744659701, -10.08910806938497, -0.04535462396348025, -0.03376492367442132, 0.07694256755074926, 0.9974338109213294, -0.0015485941752180256, -0.07157789244616293, -0.00366363261327167, 0.9973522021784472, -0.0726303146480017, 0.07150084354068133, 0.07270616662892647, 0.994787134369505, -0.1080552368271569, 0.10583362343926403, -8.776090271160047e-05
Number of steps:  52.0
detection delay 1.4
-0.23076815937499812, -0.18264344729591556, -10.13996270339395, -0.28306667032983823, -0.21805118921005284, -0.4464645717647311, 0.9999797970505601, -0.0005355698239448185, -0.006333928928886665, 0.0005299247781831151, 0.9999994609688931, -0.0008928838924309688, 0.0063344037163709154, 0.0008895093476601906, 0.9999795418420754, 0.04531291216454848, -0.04475768336382417, -4.3097758941944525e-05
Number of steps:  37.0
detection delay 1.4
-0.3429511280609975, 0.34069143459274226, -10.069446614065003, 0.16830213231997768, -0.171215523314459, 0.04180905184606602, 0.9967238209658797, 0.003926376639537106, 0.0807849508611959, 0.0025866332863151527, 0.9967626034476632, -0.08035932862135374, -0.0808389389304642, 0.08030501811665977, 0.9934868746077546, -0.0575837592357412, -0.05848532781601032, 0.00012998060197603206
Number of steps:  58.0
detection delay 1.5
0.1622932682187448, -0.1878655218976729, -10.066800839739281, 0.42213898288045976, -0.007267500702488524, -0.028818129759484563, 0.9999981702180396, 0.0017249206990091858, 0.0008271693584603941, -0.0017240865421450336, 0.9999980056255718, -0.0010081024161671833, -0.0008289066054994515, 0.001006674460000539, 0.9999991497598261, 0.016225839254212764, 0.06343057381812423, 0.0002370841643027221
Number of steps:  80.0
detection delay 1.5
0.09394961641292544, 0.09437126963731853, -10.002666797573252, 0.388846820736741, 0.4641346559930868, -0.004879361434780763, 0.9999979442798013, 3.087522172770096e-05, 0.002027432585114126, -5.68926320657383e-05, 0.9999176406905086, 0.012833884803701736, -0.002026869358127469, -0.012833973766801543, 0.999915586896196, -0.05242574994808628, 0.05851580306714238, -0.0001954615560008205
Number of steps:  83.0
detection delay 1.5
-0.3614658003077705, -0.020095822056987542, -10.07514626739947, -0.020813975068892192, -0.001636451159244206, 0.07345237781134915, 0.9975973349657057, -0.0004043045878727409, 0.06927765734434568, 0.0003116194472482639, 0.9999990419757809, 0.00134868114804152, -0.06927813625264789, -0.001323852453716403, 0.9975965052324723, 0.0006993277428572189, -0.10748520882456924, -0.00013849259111365172
Number of steps:  52.0
detection delay 1.5
0.20777517223646494, -0.7075785701242866, -9.988321426537109, -0.3481616597626967, -0.5316025885300092, -0.0043997867098545945, 0.9999961178062076, -0.00273159400821583, 0.0005502423839025511, 0.0027434479174242884, 0.9997354350904433, -0.02283710397703759, -0.0004877151126872109, 0.022838524880296734, 0.9997390479096336, 0.011186612423924599, -0.06460744506935291, -0.0008163195529656248
Number of steps:  90.0
detection delay 1.5
-0.03342080256197392, -0.7548070432063206, -10.079766269135687, -0.17361080108065832, -1.2304710299171067, -0.09651655773671948, 0.9987956062613794, -0.005487304959008333, -0.04875680872698073, -0.0017663715619395113, 0.9890608052796029, -0.14749780808935753, 0.04903281395614293, 0.14740628529322186, 0.9878598940191778, -0.059038867026056895, 0.07158650846987455, -2.871832274425048e-05
Number of steps:  41.0
detection delay 1.5
detection delay 1.5
-0.31028100256268076, -0.2360861158138442, -10.044311193048532, -0.6684483931349967, -0.4979273901463484, -0.66511284823868, 0.9942498845809662, -0.0007525324936621634, -0.10708221470241408, -0.007384616126146309, 0.9971129344633315, -0.07557290103328233, 0.10682993239442451, 0.07592910917930491, 0.9913738628407751, -0.04012375514605461, 0.07032145220704042, 0.0008179576696449519
Number of steps:  33.0
detection delay 1.5
0.21577102675240353, -0.6359327232737466, -10.096052987541043, 0.16940644846042197, -0.8241175635058225, -0.0076344253401706514, 0.9999064913801801, -0.0032908384235658342, -0.013273239176400668, 0.0024296203585398657, 0.9979221279975564, -0.06438573908672697, 0.013457542148450416, 0.06434746953300277, 0.9978368091647157, 0.013430765073324944, 0.05559362225875333, -0.0003903007447733857
Number of steps:  44.0
detection delay 1.5
detection delay 1.5
-0.11063175970882688, 0.021977801221355342, -9.757532254681239, -0.32488283730514333, 0.08938145768203187, -1.0558742534096996, 0.9974950066221875, 0.0043609773900842325, -0.07060236284996874, -0.0025002648246200665, 0.9996477572617384, 0.026421772790229607, 0.07069271843409472, -0.026179061819991238, 0.9971545498480281, 0.037105232435060774, 0.09804107393508205, 0.0008359507234157706
Number of steps:  26.0
detection delay 1.6
0.10343292260051107, -0.05347814628191892, -9.75802095544656, 0.2902163056786221, -0.20151334586721276, -1.0396199539084947, 0.9981770568395619, -0.0029852892000592855, 0.06027977477969361, 0.006221263550186504, 0.998544903732862, -0.05356651107708364, -0.06003215037742376, 0.05384387873773761, 0.9967431854011084, -0.08592278141493045, -0.08181604319422, -0.0009886746255094853
Number of steps:  26.0
detection delay 1.6
0.30574290662423975, -0.426136715508796, -10.083807121410679, 0.05400143077891116, 0.1269769722513628, -0.028905746315016096, 0.9999978153077281, -0.0017678915818679453, -0.001115320177447048, 0.0018192556315154193, 0.9988519463335364, 0.04786940165331764, 0.001029411817816074, -0.04787132612592012, 0.9988529803961387, 0.003203493409352776, -0.03411749405376099, -4.0010974076486454e-05
Number of steps:  64.0
detection delay 1.6
0.6542203172902004, 0.1750635716965913, -10.124401025273139, 1.1040235749698037, 0.2085646353714368, -0.3215485691623758, 0.9908205638819115, -0.0015971037509240934, 0.1351741818852546, 0.0009866448749003543, 0.9999890114341803, 0.004582962227730157, -0.1351800159810249, -0.0044075243049531265, 0.9908112519591532, -0.03629912836360463, -0.055225461100459075, 4.828198136493146e-05
Number of steps:  38.0
detection delay 1.6
0.3595315992271082, -0.5570239617495604, -10.100247194761431, 0.2887483381809005, -0.5671107609997048, 0.04150693872662945, 0.9999245261660573, -0.0007915711916487245, -0.012260317558641484, 0.000590565515592742, 0.9998655042906963, -0.016389770037328836, 0.012271642268334602, 0.016381292517786115, 0.9997905080823045, 0.05013054893451864, 0.06285655103836593, -4.829614433193836e-05
Number of steps:  46.0
detection delay 1.6
0.5281683292407756, 0.11611333596805223, -10.131749080748444, 0.2319503938780161, -0.039278250752723724, 0.05061675364937985, 0.9987837305250264, -0.002045508975892119, -0.0492633284658996, 0.0010434765637825202, 0.999792220776195, -0.020357466248527772, 0.0492947339496867, 0.02028130095503374, 0.9985783384574328, 0.005900713023763692, 0.09834986286018198, 4.650683114321361e-05
Number of steps:  52.0
detection delay 1.6
0.49481702250034887, 0.18072477583264607, -10.144073789406727, 0.32440720337946977, 0.021880417501090394, 0.0534057301732762, 0.9996161824381105, -0.0015128847004897397, -0.02766223034600413, 0.0005369828790291522, 0.9993782873591478, -0.035252665211010295, 0.027698365605572955, 0.035224280474907846, 0.9989955208146806, -0.041281020529749364, 0.08227142337729117, 0.00018589377444806415
Number of steps:  49.0
detection delay 1.6
0.7662266021980996, 0.021242886424389557, -9.983468573811162, 0.29121653074401, -0.22548938308793154, 0.046049328475460304, 0.9981842490611573, -0.0015216459068484907, -0.06021535950184628, -0.0007665694560797198, 0.9992789961598837, -0.037959191310755966, 0.06022970444449615, 0.037936426128876835, 0.9974633879371718, 0.0002795305223537699, 0.10740611894594947, 0.00017623345686623856
Number of steps:  58.0
detection delay 1.6
0.05147150738884502, 0.7519471234096771, -10.08877863981195, -0.04902673911587913, 1.1135061271617424, -0.03717246425308324, 0.9993664315218379, 0.003805626194624591, -0.03538718350715705, 0.0002588884406665537, 0.9934634021152755, 0.1141507846417032, 0.03559028693446724, -0.11408762363555518, 0.9928329897868555, 0.024755075458046213, 0.06604114370618518, -4.420344216789228e-05
Number of steps:  43.0
detection delay 1.6
detection delay 1.6
0.010230913953832707, -0.039484087596473594, -9.516644669260584, -0.02513425380107944, -0.06790987692431508, -1.0405720146423771, 0.999755352253663, -0.0012368636056466415, -0.022084062319955407, 0.0012968660693625956, 0.9999955062573953, 0.002702887975803521, 0.02208061997609603, -0.002730866791448089, 0.9997524636569004, 0.03832736040632055, 0.060982098716196094, -0.0006818483429726922
Number of steps:  21.0
detection delay 1.7
-0.6117241149281508, -0.2524398994595478, -10.111581751925394, -0.8115127205603271, -0.24883469096810643, -0.028058496673234082, 0.9977745405148458, -0.0012375307608089756, -0.06666659446818622, 0.0013436102641216923, 0.9999979017065519, 0.001546380921827184, 0.0666645408881482, -0.0016325134343384861, 0.9977741096501069, 0.047074913152610205, -0.007995335775810755, -4.800228596179036e-05
Number of steps:  43.0
detection delay 1.7
-0.7024920724013516, 0.3695458889302642, -10.053962141290874, -0.7251940438121817, 0.247728599621542, 0.09086519448371337, 0.9995590157804721, 0.001677104373707131, -0.02964728137429757, -0.002276328356629916, 0.9997935781599916, -0.020189586406012743, 0.029607301484260364, 0.020248170064298326, 0.9993565026094838, -0.06668064334105075, -0.04386370928925621, 0.00010694136277251826
Number of steps:  49.0
detection delay 1.7
-0.2246061897788911, -0.6653610059841433, -10.067266776978009, -0.4657892379445418, -1.203341315104541, -0.2505437532372953, 0.9968422792755358, -0.007589407905176324, -0.07904347624189498, -0.00551940981747781, 0.9863922953793332, -0.16431608482299198, 0.07921493775810758, 0.1642334938553602, 0.9832356549332638, -0.08802829710412159, 0.0606052012843641, -2.0024911439811062e-05
Number of steps:  38.0
detection delay 1.7
0.5368382350703683, -0.050155208370037105, -10.058891407426312, -0.1717657976382149, 0.12512962627334445, -0.019438110017205436, 0.9975610005826714, 0.002416912739350997, -0.06975821564017996, -0.0021807074183177177, 0.9999916294562893, 0.003462012783237877, 0.06976599910878611, -0.0033014466777416588, 0.9975579210342559, -0.03975849627436219, 0.02290531306015728, -0.0002330791525063969
Number of steps:  66.0
detection delay 1.7
0.6655817026877248, 0.3058588626384862, -10.021876552489816, 0.5834385452235072, 0.13161043203825953, 0.10566858613981456, 0.9999910850102972, -0.0009738309514798404, 0.004108716734063484, 0.0011196312232088941, 0.9993642857509778, -0.03563384334247649, -0.004071403424723388, 0.03563812591467293, 0.9993564667602034, -0.07656969116054092, 0.06289915786299063, 6.479586125909973e-05
Number of steps:  50.0
detection delay 1.7
-0.45938241233569144, 0.9331955995214058, -10.08411501177337, -0.8172476940959641, 1.4885024196044356, -0.005440416321709949, 0.9931392332747199, 0.010483694762969722, -0.11646697160400413, 0.010320729881598842, 0.9842282792108168, 0.17660174669699108, 0.11648152585368142, -0.17659214746367888, 0.9773675192009268, 0.07624128182041734, 0.07004730688077418, -0.0003639037453506098
Number of steps:  42.0
detection delay 1.7
detection delay 1.7
-0.6133714604030144, -0.11079656926229771, -10.014310322325269, -0.3755639446437367, -0.4188923752515804, 0.08255117976837051, 0.9995270147245104, 0.004840717313006164, 0.030369627784806886, -0.002226331846509788, 0.9963326234613835, -0.08553564679754856, -0.03067230481071412, 0.08542757682658106, 0.9958721498441128, -0.08349004331917327, -0.08620386226824986, 4.4479330661938604e-05
Number of steps:  53.0
detection delay 1.7
0.283436370542963, 0.9399634915663603, -10.057065256867444, 0.5248916340776326, 1.2944073588868104, 0.09754618988143045, 0.9973573838517775, -0.006507039260744133, 0.07235956962550841, -0.0022953195671756746, 0.9926615837009511, 0.12090372927415217, -0.07261529029353386, -0.12075031546282651, 0.9900234244356079, 0.018424558874202118, -0.02989854805881406, 0.00018407993870825002
Number of steps:  46.0
detection delay 1.7
0.647118747907707, 0.29144437996084327, -10.108879169446627, 0.717984223001453, 0.21006779784107807, 0.04496235845782982, 0.9993386248946279, -0.0013751681032814057, 0.036337607328836855, 0.0020305201214394406, 0.999835846800394, -0.01800434505834306, -0.03630688339328271, 0.01806622167557913, 0.999177372568377, -0.06366722472780449, 0.03732808175848758, -0.00025258589482538463
Number of steps:  46.0
detection delay 1.8
-0.5970054752999413, 1.8702842189792324, -10.074702630483388, -0.9811426186742805, 1.7572727366129601, 0.0798046021435539, 0.9955994516000138, 0.00334693093721952, -0.09365110798611838, 0.004712781958808992, 0.9963091787702832, 0.08570770084591652, 0.0935923162440943, -0.08577189721223306, 0.9919090986520291, -0.005363310422364894, 0.013508692893395255, -0.00038102368590126577
Number of steps:  58.0
detection delay 1.8
-0.12685062768835031, 0.11299529407746138, -9.865674126129498, -0.5482511029007399, -0.6537438222922822, 0.060893564451359176, 0.9985662839428753, -0.001768619458600579, -0.05349998652079275, -0.003592756729536442, 0.9949859116201868, -0.09995062669353522, 0.05340850748332767, 0.09999953831172761, 0.9935530301226264, -0.026844008606180247, -0.01381912810524266, -0.00037685948365004233
Number of steps:  70.0
detection delay 1.8
0.746917844595893, 0.09789222478583282, -9.961699956278272, 0.610547457657479, -0.17185062644815813, 0.09989211303026532, 0.9999994832535117, -0.0008750775106089293, -0.0005174283197314516, 0.0008394866498300464, 0.9978726950499842, -0.06518726666951377, 0.0005733715029462538, 0.06518679861005533, 0.9978729140186656, -0.0887275083736022, 0.06699109587201779, 0.0003064415847326143
Number of steps:  53.0
detection delay 1.8
0.42426843930808933, 0.018292387244558117, -10.034102825315218, 0.025825794649373866, 0.0359271692571616, 0.07477422480173344, 0.9972192106658647, -0.0006625595932970878, -0.0745211841942454, 0.0009352468695424947, 0.9999929946591447, 0.0036243545523590806, 0.07451826079707041, -0.0036839716901090453, 0.9972128444621876, 0.0017429608208449265, 0.11175314158746862, -0.0001280822429012265
Number of steps:  54.0
detection delay 1.8
0.5287248236371324, -0.27756263758793076, -10.028255160183528, 0.07348858943200054, 0.13811144364659858, 0.03668350342455599, 0.9974147423223796, 0.002852427805427988, -0.0718031716123522, 0.0028059253397409766, 0.99690389020473, 0.07857964416856274, 0.0718050038713589, -0.07857796987887206, 0.9943186330692724, 0.10067872903042822, 0.10818670188019534, -0.00014209720343426826
Number of steps:  58.0
detection delay 1.8
-0.038049223178883124, -0.6274151717628552, -9.936780869321243, 0.29905606067700746, -0.32944505439777944, 0.08986706427717747, 0.9967823747057916, -0.0015893133825183726, 0.08013970026665845, -0.001562155040441058, 0.9992283319383863, 0.039246660026744255, -0.08014023426149418, -0.03924556961744027, 0.9960107068289566, 0.09102732575233445, -0.08877600915193799, -0.000261168889292266
Number of steps:  55.0
detection delay 1.8
-0.43514562514568855, 0.31559788234961766, -10.069982575076367, -0.09007418081272178, -0.028116570498108073, 0.0727547652251198, 0.9978765718577846, 0.0032306981926186265, 0.06505313156595442, 0.0014097636797330043, 0.9974638147051434, -0.07116144265151185, -0.06511804591445022, 0.0711020459836805, 0.9953412174491794, -0.10607915863668393, -0.1072244080138915, 0.00014896148735929243
Number of steps:  53.0
detection delay 1.8
-0.4375256270230767, 0.0315453598789116, -10.151173730126978, -0.40460258362446, 0.07591666881859202, -0.012006293259808114, 0.9999969350436196, 0.0013229835734319872, 0.0020927536470400324, -0.0013271934492707761, 0.999997096135525, 0.0020115362454240612, -0.002090086340557124, -0.002014307569084513, 0.9999957870431742, -0.030483584991995258, -0.06143084469842719, 0.0003920226339513464
Number of steps:  45.0
detection delay 1.8
0.3920008253822815, 0.023940960894234375, -10.056353548244235, -0.28290549594540904, -0.10893485880334147, -0.016891738516194122, 0.9980441082023328, -0.0019723932295033246, -0.06248253954144151, 0.0023997465182382816, 0.999974235922792, 0.006765257369453643, 0.062467585988637164, -0.006901967514770959, 0.9980231277606608, 0.04992177613867412, 0.006012865395373376, -5.913433960428066e-05
Number of steps:  68.0
detection delay 1.8
0.6577426154926439, -0.13482191492554885, -10.058198254193861, 0.4990560520477251, 0.13651675223962112, 0.07314938239231927, 0.9999494554545171, 0.0034264217544852605, -0.009452310307544664, -0.0028223145154369577, 0.9979968885319066, 0.0632000397262572, 0.009649926267369845, -0.06317016791638971, 0.9979561156726557, 0.0885188119251324, 0.0695087550630045, 0.00028017511604867557
Number of steps:  53.0
detection delay 1.9
0.9084473330273388, 0.0739033989644374, -10.007674594997539, 1.0638424712759464, -0.12443933916036327, 0.12369146302520995, 0.9973364108937923, -0.0002840254043690271, 0.072938349549874, 0.004144557010355575, 0.9985974155244052, -0.052782803593246407, -0.07282105569598572, 0.05294450904055081, 0.9959387394864099, -0.07863518777534736, 0.014482289908707008, 4.639662399364862e-06
Number of steps:  50.0
detection delay 1.9
-0.3883732105895499, -0.16477633630523866, -10.15210602641581, -0.3552051751717889, -0.0756682829184682, -0.0658078738187301, 0.9999780945239813, -0.00016179019039136474, 0.006616970311585476, -2.6507284800057654e-05, 0.9995953084558141, 0.028446768014838912, -0.006618894887665166, -0.028446320272761085, 0.9995734075561504, 0.06696410376808672, -0.0648321747168374, 7.127125705003157e-06
Number of steps:  43.0
detection delay 1.9
0.5538624508895588, -0.28224783572581785, -10.004871119172641, -0.25968424690036956, 0.3221158264011376, 0.026716570717194653, 0.994792154094074, 0.005600983938182663, -0.10177032539888003, 0.002051252840115233, 0.99718657874206, 0.07493143224635224, 0.10190369235045242, -0.07474995756271705, 0.9919818956663012, 0.02564871770300581, 0.0625068260075827, 9.237809583709082e-05
Number of steps:  66.0
detection delay 1.9
0.6590384710164373, -0.48720753417488705, -10.135275123335205, 0.7071777443522971, -0.460621064947616, 0.027508624142738025, 0.9995249389302385, -0.0008250233733713485, 0.030809345869644542, 0.0009425032365283608, 0.9999923403869884, -0.0037987965215557917, -0.03080597578605656, 0.0038260297694140493, 0.9995180605432206, 0.05672934887377794, 0.04294413229069349, -0.00010276959416230423
Number of steps:  46.0
detection delay 1.9
0.34784589625995455, -0.4313558486668805, -10.091783222000073, -0.21897388359441122, -0.5671099050050049, 0.014419897678066531, 0.9971172652912396, -0.003352472984928581, -0.0758018481502801, 0.0008406482127787319, 0.9994502206697528, -0.03314437680460521, 0.075871289488812, 0.03298510767101762, 0.9965718890793777, 0.030005228673990945, 0.036506116354085634, 0.00019284290563289483
Number of steps:  59.0
detection delay 1.9
-0.3331789204431856, -0.43505922575337874, -9.972925649384626, -0.5695256505091045, 0.4340361620168577, 0.031322685868517455, 0.9992692971235666, -0.0017334382021186709, -0.03818202480453669, 0.0058312637967057775, 0.9941906247245463, 0.10747556965346976, 0.037773908835438866, -0.10761968640450434, 0.9934742749107742, 0.05038319900299425, -0.02664990005890006, 0.00010413529275602418
Number of steps:  68.0
detection delay 1.9
0.15115119274234323, -0.10298524437263333, -9.633302990140045, 0.4550516763930939, -0.31019727643855605, -1.0302566132800501, 0.9953685278921257, -0.00038352410192387136, 0.09613192285145339, 0.006850678578006122, 0.9977326291253371, -0.06695273692436426, -0.0958882781411542, 0.06730121609529478, 0.9931142856827774, -0.09407799819423175, -0.12584743222572725, -0.0016841222680347913
Number of steps:  23.0
detection delay 1.9
-0.6022689758305778, 0.15198448481114935, -10.101599817194579, -1.0120428152317396, 0.14483507729897316, -0.2317881889745938, 0.9923816457198396, 0.0018605391246282366, -0.12318769269912608, -0.0028085670644515054, 0.9999677607293904, -0.007522596154100883, 0.12316972513330096, 0.00781126724795309, 0.9923548775083246, -0.04669392879061758, 0.04606746352839509, 0.00038510732643353877
Number of steps:  39.0
detection delay 1.9
-0.5565007029719659, 0.16536693733025062, -10.037650024747036, -1.1037259132230839, 0.2392067583114839, -0.42691374192182163, 0.9854188558579389, 0.003174207955991257, -0.17011643930986206, -0.0006855967681845138, 0.9998919254609218, 0.014685617287666762, 0.17014466925732477, -0.014354852904174232, 0.9853145333960239, -0.026588198260532183, 0.11462513899905925, 1.7149870428105754e-05
Number of steps:  35.0
detection delay 1.9
detection delay 2.0
-0.6416076876606029, 0.20989215712327275, -10.143618880672562, -0.6713226836259645, 0.11638159442407477, 0.02476052491132153, 0.9996696437252246, 0.002122099359549468, -0.025614451167046984, -0.002766564463002045, 0.9996798339198205, -0.025151059124981674, 0.025552877242160068, 0.025213614345120546, 0.999355454338593, -0.06512964131778595, -0.046607485145307735, 0.0002630290925356743
Number of steps:  46.0
detection delay 2.0
-0.35146238263820045, -0.4454842728451628, -9.937966099137226, -0.008040969275355818, -0.10790183727286584, 0.09985292897808945, 0.9976670698810994, -0.002068770709606299, 0.068235898635529, -0.0020364637867501165, 0.9981940144393898, 0.06003800756702371, -0.06823687045939517, -0.0600369030274195, 0.9958610845819762, 0.10143231746746303, -0.10517171375518707, 7.556393551331899e-05
Number of steps:  54.0
detection delay 2.0
0.06335293877815523, -0.022750582641306985, -9.485851575039925, 0.22835349819212145, -0.08887267323185902, -1.009459871256382, 0.9983619390047493, 0.0030728054413819853, 0.05713139778953761, -0.0015627472775022445, 0.9996487246541472, -0.02645723187124703, -0.057192626864077487, 0.026324611375321195, 0.9980160410876786, -0.053907247805802985, -0.0932522420327611, 0.001150351487735389
Number of steps:  20.0
detection delay 2.0
0.066893213672663, 0.0031901852161862775, -9.619816307013602, 0.23170611507350092, 0.02867161147087648, -1.0367756430905417, 0.9983202028304413, -4.806786535285553e-05, 0.057937641564413084, -0.000895379652197152, 0.9998674327510699, 0.01625777411171828, -0.057930742407157315, -0.016282340534135308, 0.9981878152286219, 0.041389758736939244, -0.09141988630895286, 0.00022017932243936924
Number of steps:  23.0
detection delay 2.0
-0.3526587695688805, 0.5459564293538778, -10.20698737615647, -0.2558793446908955, 0.4221045665233724, -0.05424421944779586, 0.9995324952599237, 0.001280422251057684, -0.030547527531985984, -0.0009004542578335867, 0.9999221015148767, 0.012449099735026364, 0.03056108803017289, -0.01241577307065825, 0.9994557861543795, 0.01402382722408074, 0.02679113282788175, 0.00014738797045295513
Number of steps:  62.0
detection delay 2.0
-0.10112344461314801, -0.026436118282554495, -9.773276512721711, -0.29431930818959107, -0.10976907151675355, -1.0439388920895338, 0.9979475588630456, -0.003700756266428164, -0.06392944675447913, 0.0018081879290077576, 0.9995591056490737, -0.02963654450903653, 0.06401093825035412, 0.029460120791999528, 0.9975142610846361, -0.05336687340205383, 0.08939148248459067, -0.0010484425991173108
Number of steps:  26.0
detection delay 2.0
detection delay 2.0
-0.1708308847201644, 1.0458935085367906, -10.016980307789465, -0.3863035991332341, 1.2653307235355555, 0.13998536574341844, 0.9986229587575873, 0.003869142281967376, -0.05231840957285074, 0.0009709469920819801, 0.9957426493480616, 0.092171761029275, 0.052452297415548944, -0.09209563511535782, 0.9943677139210253, -0.011754291575943652, 0.009734163234378465, -4.6341839237701525e-05
Number of steps:  49.0
detection delay 2.0
-0.3915914845180753, 0.02849892797842783, -10.056190306053766, -0.8402734729473568, 0.00429779434940201, -0.518006608966163, 0.9893190289648576, 0.0028738649180931873, -0.14573812071129622, -0.005251982561171958, 0.9998592265892949, -0.0159356105451158, 0.14567180786687842, 0.016530816818929987, 0.9891948526393047, -0.04593356425206368, 0.12095677985390299, 0.00035600766526123877
Number of steps:  34.0
detection delay 2.0
